%YAML:1.0

#--------------------------------------------------------------------------------------------
# Camera Parameters. Adjust them!
#--------------------------------------------------------------------------------------------

# ===> NOTICE: Add camera model here <===
Camera.type: "PinHole"

# Camera calibration and distortion parameters (OpenCV) 
Camera.fx: 7.215377000000e+02
Camera.fy: 7.215377000000e+02
Camera.cx: 6.095593000000e+02
Camera.cy: 1.728540000000e+02

Camera.k1: 0.0
Camera.k2: 0.0
Camera.p1: 0.0
Camera.p2: 0.0

Camera.bFishEye: 0

Camera.width: 1242
Camera.height: 375

# Camera frames per second 
Camera.fps: 10.0

# stereo baseline times fx
Camera.bf: 387.5853

# Color order of the images (0: BGR, 1: RGB. It is ignored if images are grayscale)
Camera.RGB: 1

# Close/Far threshold. Baseline times.
ThDepth: 35.0

# ============================================================

# ===> NOTICE: Add camera parameters here <===
LEFT.height: 1242
LEFT.width: 375
LEFT.D: !!opencv-matrix
   rows: 1
   cols: 5
   dt: d
   data: [0.0, 0.0, 0.0, 0.0, 0.0]
LEFT.K: !!opencv-matrix
   rows: 3
   cols: 3
   dt: d
   data: [7.215377000000e+02, 0.0, 6.095593000000e+02, 0.0, 7.215377000000e+02, 1.728540000000e+02, 0.0, 0.0, 1.0]
LEFT.R:  !!opencv-matrix
   rows: 3
   cols: 3
   dt: d
   data: [1.0, 0.0, 0.0, 0.0, 1.0, 0.0, 0.0, 0.0, 1.0]
LEFT.P:  !!opencv-matrix
   rows: 3
   cols: 4
   dt: d
   data: [7.215377000000e+02, 0.000000000000e+00, 6.095593000000e+02, 0.000000000000e+00, 0.000000000000e+00, 7.215377000000e+02, 1.728540000000e+02, 0.000000000000e+00, 0.000000000000e+00, 0.000000000000e+00, 1.000000000000e+00, 0.000000000000e+00]

RIGHT.height: 1242
RIGHT.width: 375
RIGHT.D: !!opencv-matrix
   rows: 1
   cols: 5
   dt: d
   data: [0.0, 0.0, 0.0, 0.0, 0.0]
RIGHT.K: !!opencv-matrix
   rows: 3
   cols: 3
   dt: d
   data: [7.215377000000e+02, 0.0, 6.095593000000e+02, 0.0, 7.215377000000e+02, 1.728540000000e+02, 0.0, 0.0, 1.0]
RIGHT.R:  !!opencv-matrix
   rows: 3
   cols: 3
   dt: d
   data: [9.999239000000e-01, 9.837760000000e-03, -7.445048000000e-03, -9.869795000000e-03 ,9.999421000000e-01, -4.278459000000e-03, 7.402527000000e-03 ,4.351614000000e-03, 9.999631000000e-01]
RIGHT.P:  !!opencv-matrix
   rows: 3
   cols: 4
   dt: d
   data: [7.215377000000e+02, 0.000000000000e+00, 6.095593000000e+02, 0.000000000000e+00, 0.000000000000e+00, 7.215377000000e+02, 1.728540000000e+02, 0.000000000000e+00, 0.000000000000e+00, 0.000000000000e+00, 1.000000000000e+00, 0.000000000000e+00]


#--------------------------------------------------------------------------------------------
# ORB Parameters
#--------------------------------------------------------------------------------------------

# ORB Extractor: Number of features per image
ORBextractor.nFeatures: 2000

# ORB Extractor: Scale factor between levels in the scale pyramid 	
ORBextractor.scaleFactor: 1.2

# ORB Extractor: Number of levels in the scale pyramid	
ORBextractor.nLevels: 8

# ORB Extractor: Fast threshold
# Image is divided in a grid. At each cell FAST are extracted imposing a minimum response.
# Firstly we impose iniThFAST. If no corners are detected we impose a lower value minThFAST
# You can lower these values if your images have low contrast			
ORBextractor.iniThFAST: 20
ORBextractor.minThFAST: 7

#--------------------------------------------------------------------------------------------
# Viewer Parameters
#--------------------------------------------------------------------------------------------
Viewer.KeyFrameSize: 0.6
Viewer.KeyFrameLineWidth: 2
Viewer.GraphLineWidth: 1
Viewer.PointSize: 2
Viewer.CameraSize: 0.7
Viewer.CameraLineWidth: 3
Viewer.ViewpointX: 0
Viewer.ViewpointY: -100
Viewer.ViewpointZ: -0.1
Viewer.ViewpointF: 2000
